0 0.26819342448254535 0.30507491699299677 0.12344269963341964 0.017123726179238942
0 0.26743610730688017 0.32219864317223573 0.12344269963341964 0.017123726179238942
0 0.2666787901312149 0.33875157847883336 0.12344269963341964 0.017123726179238942
0 0.2704653760095407 0.35587530465807243 0.12344269963341964 0.017123726179238942
0 0.2689507416582103 0.3718574490920287 0.12344269963341964 0.017123726179238942
0 0.26819342448254535 0.38955196614390886 0.12344269963341964 0.017123726179238942
0 0.26743610730688006 0.4066756923231478 0.12344269963341964 0.017123726179238942
0 0.2666787901312148 0.4232286276297456 0.12344269963341964 0.017123726179238942
0 0.27046537600954057 0.4403523538089846 0.12344269963341964 0.017123726179238942
0 0.2689507416582102 0.4563344982429408 0.12344269963341964 0.017123726179238942
0 0.2697080588338756 0.47345822442217966 0.12344269963341964 0.017123726179238942
0 0.26895074165821037 0.4905819506014186 0.12344269963341964 0.017123726179238942
0 0.2681934244825451 0.5071348859080164 0.12344269963341964 0.017123726179238942
0 0.2719800103608708 0.5242586120872554 0.12344269963341964 0.017123726179238942
0 0.27046537600954046 0.5402407565212116 0.12344269963341964 0.017123726179238942
0 0.26970805883387555 0.5579352735730918 0.12344269963341964 0.017123726179238942
0 0.2689507416582102 0.5750589997523308 0.12344269963341964 0.017123726179238942
0 0.268193424482545 0.5916119350589285 0.12344269963341964 0.017123726179238942
0 0.273494644712201 0.6110188247287327 0.12344269963341964 0.017123726179238942
0 0.27425196188786616 0.6270009691626888 0.12344269963341964 0.017123726179238942
0 0.39542270999429063 0.30222096262979026 0.12344269963341964 0.017123726179238942
0 0.39466539281862545 0.3193446888090292 0.12344269963341964 0.017123726179238942
0 0.3939080756429602 0.3358976241156269 0.12344269963341964 0.017123726179238942
0 0.397694661521286 0.3530213502948659 0.12344269963341964 0.017123726179238942
0 0.39618002716995554 0.3690034947288223 0.12344269963341964 0.017123726179238942
0 0.39542270999429063 0.38669801178070246 0.12344269963341964 0.017123726179238942
0 0.3946653928186254 0.4038217379599414 0.12344269963341964 0.017123726179238942
0 0.3939080756429601 0.42037467326653905 0.12344269963341964 0.017123726179238942
0 0.39769466152128585 0.43749839944577806 0.12344269963341964 0.017123726179238942
0 0.3961800271699555 0.45348054387973435 0.12344269963341964 0.017123726179238942
0 0.3969373443456209 0.47060427005897315 0.12344269963341964 0.017123726179238942
0 0.3961800271699557 0.48772799623821217 0.12344269963341964 0.017123726179238942
0 0.3954227099942904 0.50428093154481 0.12344269963341964 0.017123726179238942
0 0.39920929587261617 0.521404657724049 0.12344269963341964 0.017123726179238942
0 0.39769466152128574 0.5373868021580052 0.12344269963341964 0.017123726179238942
0 0.3969373443456209 0.5550813192098853 0.12344269963341964 0.017123726179238942
0 0.3961800271699555 0.5722050453891243 0.12344269963341964 0.017123726179238942
0 0.3954227099942902 0.588757980695722 0.12344269963341964 0.017123726179238942
0 0.40148124739961133 0.6087356612381675 0.12344269963341964 0.017123726179238942
0 0.399966613048281 0.6270009691626888 0.12344269963341964 0.017123726179238942
0 0.5264385813843618 0.2999377991392251 0.12344269963341964 0.017123726179238942
0 0.5256812642086964 0.31706152531846404 0.12344269963341964 0.017123726179238942
0 0.5249239470330312 0.3336144606250617 0.12344269963341964 0.017123726179238942
0 0.5287105329113571 0.35073818680430074 0.12344269963341964 0.017123726179238942
0 0.5271958985600267 0.36672033123825715 0.12344269963341964 0.017123726179238942
0 0.5264385813843618 0.3844148482901372 0.12344269963341964 0.017123726179238942
0 0.5256812642086964 0.40153857446937624 0.12344269963341964 0.017123726179238942
0 0.5249239470330312 0.4180915097759738 0.12344269963341964 0.017123726179238942
0 0.5287105329113568 0.4352152359552129 0.12344269963341964 0.017123726179238942
0 0.5271958985600267 0.4511973803891691 0.12344269963341964 0.017123726179238942
0 0.5279532157356919 0.468321106568408 0.12344269963341964 0.017123726179238942
0 0.5271958985600267 0.485444832747647 0.12344269963341964 0.017123726179238942
0 0.5264385813843614 0.5019977680542447 0.12344269963341964 0.017123726179238942
0 0.5302251672626873 0.5191214942334839 0.12344269963341964 0.017123726179238942
0 0.5287105329113568 0.53510363866744 0.12344269963341964 0.017123726179238942
0 0.5279532157356919 0.5527981557193202 0.12344269963341964 0.017123726179238942
0 0.5271958985600267 0.569921881898559 0.12344269963341964 0.017123726179238942
0 0.5264385813843612 0.5864748172051568 0.12344269963341964 0.017123726179238942
0 0.5324971187896824 0.6064524977476021 0.12344269963341964 0.017123726179238942
0 0.530982484438352 0.6247178056721236 0.12344269963341964 0.017123726179238942
0 0.6488156359122863 0.29661375443002136 0.123992973152004 0.019538603201682783
0 0.6486502001454661 0.313746537423474 0.12399297315200407 0.019538603201682818
0 0.6484650435587604 0.33030872310400644 0.123992973152004 0.01953860320168275
0 0.6528419699722978 0.3473523244624443 0.12399297315200407 0.01953860320168275
0 0.651880032202314 0.363358776435892 0.12399297315200414 0.01953860320168275
0 0.6517343172553808 0.38106215674226546 0.123992973152004 0.01953860320168275
0 0.6515688814885607 0.3981949397357179 0.12399297315200407 0.01953860320168275
0 0.651383724901855 0.4147571254162502 0.12399297315200414 0.01953860320168275
0 0.6557606513153925 0.4318007267746883 0.12399297315200407 0.01953860320168275
0 0.6547987135454088 0.44780717874813564 0.12399297315200414 0.01953860320168275
0 0.6561473985053747 0.4649102345299167 0.12399297315200407 0.01953860320168275
0 0.655981962738555 0.48204301752336953 0.12399297315200407 0.01953860320168275
0 0.6557968061518497 0.49860520320390217 0.123992973152004 0.01953860320168275
0 0.6594164153897221 0.5173611771802636 0.12399297315200407 0.01953860320168275
0 0.6599691119710678 0.5350800017716355 0.12399297315200407 0.01953860320168275
0 0.6590660798484694 0.5539249638232913 0.123992973152004 0.01953860320168275
0 0.659657961257315 0.5710577468167443 0.12399297315200414 0.01953860320168275
0 0.6587154874949442 0.5893323051152004 0.12399297315200407 0.01953860320168275
0 0.6616756132197633 0.6063303478575267 0.12399297315200407 0.01953860320168275
0 0.6615498759049876 0.6240483982100155 0.12399297315200407 0.01953860320168275
0 0.7807209532887248 0.29147706332108003 0.12877384222038799 0.019539456691343594
0 0.7820637127597054 0.309180637187174 0.12877384222038812 0.019539456691343594
0 0.7818713494830234 0.3251720319950651 0.12877384222038812 0.019539456691343594
0 0.7856613180490374 0.34278642422614425 0.12877384222038812 0.019539456691343632
0 0.7846619396056849 0.36050524881751556 0.12877384222038812 0.019539456691343632
0 0.7837532359460042 0.37706704737860647 0.12877384222038812 0.019539456691343632
0 0.7843386782413201 0.3964829938626241 0.12877384222038812 0.019539456691343632
0 0.7841463149646373 0.41304517954315645 0.12877384222038812 0.019539456691343632
0 0.7886936007063167 0.4300887809015944 0.12877384222038799 0.019539456691343632
0 0.787694222262964 0.4460952328750419 0.12877384222038799 0.019539456691343632
0 0.7890954009232911 0.46319828865682294 0.12877384222038812 0.019539456691343632
0 0.7889235260429425 0.4803310716502759 0.12877384222038799 0.019539456691343632
0 0.7887311627662609 0.49689325733080836 0.12877384222038812 0.019539456691343632
0 0.7924916549296469 0.5156492313071699 0.12877384222038799 0.019539456691343632
0 0.7930658636428788 0.5333680558985415 0.12877384222038799 0.019539456691343632
0 0.7921276835805711 0.5522130179501974 0.12877384222038799 0.019539456691343632
0 0.7927426022785147 0.5693458009436503 0.12877384222038799 0.019539456691343632
0 0.7917634454235397 0.5876203592421063 0.12877384222038799 0.019539456691343632
0 0.7948387855664347 0.6046184019844327 0.12877384222038799 0.019539456691343632
0 0.7947081542867065 0.6223364523369215 0.12877384222038812 0.019539456691343632
