0 0.25558409350772066 0.27836190415338397 0.12079208951859162 0.01820822883725739
0 0.2564171424009523 0.29719800295054677 0.12079208951859162 0.01569674899763568
0 0.2564171424009523 0.31415049186799326 0.12079208951859162 0.01569674899763568
0 0.25808324018741563 0.3317308507453452 0.12079208951859162 0.01569674899763568
0 0.2572501912941839 0.349311209622697 0.12079208951859162 0.01569674899763568
0 0.2569093985651346 0.36609246127835154 0.125714651160415 0.014840562688673706
0 0.2561520813894695 0.3843577692028732 0.125714651160415 0.014840562688673706
0 0.2546374470381392 0.40205228625475337 0.125714651160415 0.014840562688673706
0 0.25539476421380436 0.4191760124339924 0.125714651160415 0.014840562688673706
0 0.25388012986247405 0.43515815686794873 0.125714651160415 0.014840562688673706
0 0.2525548248050598 0.4535947020542628 0.12079208951859151 0.014783483601409731
0 0.255659825225287 0.47214540541510464 0.12079208951859158 0.018550703360842417
0 0.2533878736982917 0.48824170802358924 0.12079208951859162 0.01569674899763568
0 0.25581128866042013 0.5058220669009412 0.12079208951859158 0.014555167252352952
0 0.25573555694285366 0.5245440075235754 0.12079208951859162 0.01569674899763568
0 0.2546374470381391 0.5430376317971539 0.125714651160415 0.014840562688673706
0 0.25388012986247405 0.5601613579763929 0.125714651160415 0.014840562688673706
0 0.25312281268680886 0.577285084155632 0.125714651160415 0.014840562688673706
0 0.2531228126868089 0.5961211829527947 0.125714651160415 0.014840562688673706
0 0.2516081783354786 0.6121033273867511 0.125714651160415 0.014840562688673706
0 0.3903865507761173 0.2786472995897045 0.12079208951859158 0.015354274474050902
0 0.3889476481423537 0.2966272120779055 0.12079208951859162 0.01569674899763568
0 0.3889476481423536 0.31357970099535193 0.12079208951859162 0.01569674899763568
0 0.390613745928817 0.33116005987270386 0.12079208951859162 0.01569674899763568
0 0.3897806970355853 0.3487404187500558 0.12079208951859162 0.01569674899763568
0 0.38943990430653586 0.36552167040571026 0.125714651160415 0.014840562688673706
0 0.3886825871308709 0.38378697833023195 0.125714651160415 0.014840562688673706
0 0.3894399043065359 0.40148149538211214 0.125714651160415 0.014840562688673706
0 0.38792526995520576 0.4186052215613511 0.125714651160415 0.014840562688673706
0 0.38641063560387534 0.43629973861323135 0.125714651160415 0.014840562688673706
0 0.3850853305464611 0.45473628379954545 0.12079208951859151 0.014783483601409731
0 0.38819033096668837 0.4732869871603873 0.12079208951859158 0.018550703360842417
0 0.38591837943969315 0.48938328976887185 0.12079208951859162 0.01569674899763568
0 0.3883417944018215 0.5069636486462238 0.12079208951859158 0.014555167252352952
0 0.388266062684255 0.5256855892688581 0.12079208951859162 0.01569674899763568
0 0.3871679527795404 0.5441792135424365 0.125714651160415 0.014840562688673706
0 0.38641063560387534 0.5613029397216756 0.125714651160415 0.014840562688673706
0 0.38565331842821027 0.5784266659009145 0.125714651160415 0.014840562688673706
0 0.38565331842821027 0.5972627646980773 0.125714651160415 0.014840562688673706
0 0.3841386840768799 0.6132449091320338 0.125714651160415 0.014840562688673706
0 0.5183731534635279 0.27522255435385673 0.12079208951859158 0.015354274474050902
0 0.5169342508297643 0.2932024668420577 0.12079208951859162 0.01569674899763568
0 0.5169342508297641 0.31015495575950414 0.12079208951859162 0.01569674899763568
0 0.5186003486162275 0.327735314636856 0.12079208951859162 0.01569674899763568
0 0.5177672997229957 0.34531567351420805 0.12079208951859162 0.01569674899763568
0 0.5189411413452761 0.36495087953306893 0.12571465116041497 0.015982144433956298
0 0.5189411413452768 0.3826453965849494 0.125714651160415 0.014840562688673706
0 0.521213092872272 0.39976912276418824 0.125714651160415 0.014840562688673706
0 0.519698458520942 0.41746363981606877 0.125714651160415 0.014840562688673706
0 0.5166691898182814 0.43515815686794873 0.125714651160415 0.014840562688673706
0 0.5168585191121972 0.4535947020542628 0.12079208951859151 0.014783483601409731
0 0.5207208367080897 0.47157461454246336 0.12079208951859158 0.018550703360842417
0 0.5176915680054295 0.4893832897688718 0.12079208951859162 0.01569674899763568
0 0.5193576657918926 0.5081052303915063 0.12079208951859158 0.014555167252352952
0 0.5177672997229957 0.5262563801414997 0.12079208951859162 0.01569674899763568
0 0.5189411413452766 0.5436084226697953 0.125714651160415 0.014840562688673706
0 0.5196984585209419 0.5618737305943171 0.125714651160415 0.014840562688673706
0 0.519698458520942 0.5784266659009145 0.125714651160415 0.014840562688673706
0 0.5181838241696116 0.5978335555707186 0.125714651160415 0.014840562688673706
0 0.519698458520942 0.6160988634952403 0.125714651160415 0.014840562688673706
0 0.6516609763805945 0.27351018173593283 0.12079208951859158 0.015354274474050902
0 0.6502220737468306 0.2914900942241337 0.12079208951859162 0.01569674899763568
0 0.6502220737468306 0.30844258314158024 0.12079208951859162 0.01569674899763568
0 0.6518881715332941 0.326022942018932 0.12079208951859162 0.01569674899763568
0 0.6510551226400624 0.3436033008962841 0.12079208951859162 0.01569674899763568
0 0.6522289642623429 0.36323850691514514 0.12571465116041497 0.015982144433956298
0 0.6522289642623434 0.3809330239670254 0.125714651160415 0.014840562688673706
0 0.6545009157893386 0.3980567501462643 0.125714651160415 0.014840562688673706
0 0.6529862814380085 0.4157512671981449 0.125714651160415 0.014840562688673706
0 0.6499570127353479 0.43344578425002483 0.125714651160415 0.014840562688673706
0 0.6501463420292635 0.4518823294363388 0.12079208951859151 0.014783483601409731
0 0.6540086596251561 0.4698622419245395 0.12079208951859158 0.018550703360842417
0 0.650979390922496 0.4876709171509478 0.12079208951859162 0.01569674899763568
0 0.6526454887089592 0.5063928577735823 0.12079208951859158 0.014555167252352952
0 0.6510551226400624 0.5245440075235756 0.12079208951859162 0.01569674899763568
0 0.6522289642623433 0.5418960500518711 0.125714651160415 0.014840562688673706
0 0.6529862814380085 0.5601613579763931 0.125714651160415 0.014840562688673706
0 0.6537435986136737 0.5801390385188383 0.125714651160415 0.014840562688673706
0 0.6514716470866782 0.5961211829527947 0.125714651160415 0.014840562688673706
0 0.6529862814380085 0.6143864908773164 0.125714651160415 0.014840562688673706
0 0.7890777189574287 0.270656227372726 0.12851716501105995 0.015354274474050886
0 0.7875467934808078 0.2886361398609269 0.12851716501106 0.015696748997635665
0 0.7875467934808078 0.30558862877837334 0.12851716501106 0.015696748997635665
0 0.7893194440326846 0.3231689876557251 0.12851716501106 0.015696748997635665
0 0.7914623874594069 0.34360330089628377 0.12851716501106 0.015696748997635665
0 0.7896820316455677 0.36038455255193796 0.13375454164160458 0.01598214443395628
0 0.7896820316455683 0.3780790696038182 0.1337545416416047 0.01484056268867369
0 0.792099282398127 0.3952027957830571 0.1337545416416047 0.01484056268867369
0 0.793517050599082 0.41518047632550287 0.1337545416416047 0.01484056268867369
0 0.7902940495956701 0.4340165751226652 0.1337545416416047 0.01484056268867369
0 0.7904954871583825 0.45245312030897955 0.1285171650110599 0.014783483601409715
0 0.7946048134377331 0.47043303279718024 0.12851716501105995 0.0185507033608424
0 0.791381812434322 0.4882417080235884 0.12851716501106 0.015696748997635665
0 0.7931544629861981 0.506963648646223 0.12851716501105995 0.014555167252352936
0 0.7914623874594069 0.5251147983962161 0.12851716501106 0.015696748997635665
0 0.7927113003482288 0.5424668409245118 0.1337545416416047 0.01484056268867369
0 0.793517050599082 0.5607321488490339 0.1337545416416047 0.01484056268867369
0 0.7943228008499351 0.5807098293914787 0.1337545416416047 0.01484056268867369
0 0.7919055500973761 0.5966919738254355 0.1337545416416047 0.01484056268867369
0 0.793517050599082 0.614957281749957 0.1337545416416047 0.01484056268867369
