0 0.26899618068875014 0.290385613885573 0.12828952955767636 0.016575766941503298
0 0.26899618068875014 0.30696138082707625 0.12828952955767636 0.016575766941503298
0 0.2699125344713049 0.32378829575254164 0.12828952955767634 0.015947896981597872
0 0.26816313179551843 0.3406152106780073 0.12828952955767636 0.016575766941503298
0 0.26816313179551843 0.3571909776195106 0.12828952955767636 0.016575766941503298
0 0.26907948557807326 0.37401789254497586 0.12828952955767634 0.015947896981597872
0 0.2689961806887501 0.38958906755063066 0.12828952955767636 0.016575766941503298
0 0.2689961806887501 0.40616483449213375 0.12828952955767636 0.016575766941503298
0 0.26907948557807326 0.4217360094977882 0.12828952955767634 0.015947896981597872
0 0.2657472900051466 0.4380606284553293 0.12828952955767634 0.015947896981597872
0 0.2656639851158235 0.45363180346098436 0.12828952955767636 0.016575766941503298
0 0.2631648384361285 0.469579700442582 0.12828952955767636 0.016575766941503298
0 0.26408119221868326 0.48766235528785834 0.12828952955767634 0.015947896981597872
0 0.26149874064966505 0.5032335302935131 0.12828952955767636 0.016575766941503298
0 0.2673300829022867 0.5198092972350161 0.12828952955767636 0.016575766941503298
0 0.2682464366848415 0.5366362121604815 0.12828952955767634 0.015947896981597872
0 0.2681631317955184 0.5540909970458526 0.12828952955767636 0.016575766941503298
0 0.2681631317955184 0.571294633947261 0.12828952955767636 0.016575766941503298
0 0.2665803388983782 0.5868658089529154 0.12828952955767634 0.015947896981597872
0 0.26574729000514646 0.603818297870362 0.12828952955767634 0.015947896981597872
0 0.394626147082721 0.29101348384547815 0.12203531726967282 0.016575766941503284
0 0.394626147082721 0.3075892507869814 0.12203531726967282 0.016575766941503284
0 0.3954978279203616 0.32441616571244675 0.12203531726967279 0.01594789698159786
0 0.3938337099575932 0.3412430806379124 0.12203531726967282 0.016575766941503284
0 0.3938337099575932 0.35781884757941534 0.12203531726967282 0.016575766941503284
0 0.3947053907952337 0.37464576250488063 0.12203531726967279 0.01594789698159786
0 0.394626147082721 0.3902169375105357 0.12203531726967282 0.016575766941503284
0 0.394626147082721 0.40679270445203863 0.12203531726967282 0.016575766941503284
0 0.3947053907952337 0.4223638794576931 0.12203531726967279 0.01594789698159786
0 0.39153564229472265 0.4386884984152343 0.12203531726967279 0.01594789698159786
0 0.39145639858221004 0.45425967342088924 0.12203531726967282 0.016575766941503284
0 0.3890790872068268 0.47020757040248684 0.12203531726967282 0.016575766941503284
0 0.3899507680444673 0.48829022524776305 0.12203531726967279 0.01594789698159786
0 0.38749421295657105 0.503861400253418 0.12203531726967282 0.016575766941503284
0 0.39304127283246565 0.5204371671949211 0.12203531726967282 0.016575766941503284
0 0.39391295367010587 0.5372640821203863 0.12203531726967279 0.01594789698159786
0 0.3938337099575931 0.5547188670057573 0.12203531726967282 0.016575766941503284
0 0.3938337099575931 0.5719225039071658 0.12203531726967282 0.016575766941503284
0 0.39232807941985043 0.5874936789128203 0.12203531726967279 0.01594789698159786
0 0.39153564229472265 0.6044461678302667 0.12203531726967279 0.01594789698159786
0 0.5182737515461192 0.2903856138855726 0.11968998766167147 0.01657576694150328
0 0.5182737515461192 0.30696138082707586 0.11968998766167147 0.01657576694150328
0 0.519128680029417 0.3237882957525411 0.11968998766167144 0.015947896981597855
0 0.5174965438340302 0.34061521067800676 0.11968998766167147 0.01657576694150328
0 0.5174965438340302 0.3571909776195097 0.11968998766167147 0.01657576694150328
0 0.5183514723173278 0.37401789254497486 0.11968998766167144 0.015947896981597855
0 0.5182737515461192 0.38958906755063 0.11968998766167147 0.01657576694150328
0 0.5182737515461192 0.406164834492133 0.11968998766167147 0.01657576694150328
0 0.5183514723173278 0.4217360094977872 0.11968998766167144 0.015947896981597855
0 0.5152426414689729 0.43806062845532856 0.11968998766167144 0.015947896981597855
0 0.515164920697764 0.4536318034609836 0.11968998766167147 0.01657576694150328
0 0.512833297561498 0.4695797004425812 0.11968998766167147 0.01657576694150328
0 0.5136882260447956 0.4876623552878573 0.11968998766167144 0.015947896981597855
0 0.5112788821373199 0.5032335302935123 0.11968998766167147 0.01657576694150328
0 0.5167193361219417 0.5198092972350152 0.11968998766167147 0.01657576694150328
0 0.5175742646052391 0.5366362121604809 0.11968998766167144 0.015947896981597855
0 0.5174965438340302 0.5540909970458516 0.11968998766167147 0.01657576694150328
0 0.5174965438340302 0.5712946339472604 0.11968998766167147 0.01657576694150328
0 0.515202810196092 0.588749418832631 0.11968998766167144 0.015947896981597855
0 0.5168767194389122 0.6063297777099826 0.11968998766167144 0.015947896981597855
0 0.6445408150522205 0.2891298739657618 0.12203531726967282 0.016575766941503284
0 0.6445408150522205 0.3057056409072651 0.12203531726967282 0.016575766941503284
0 0.6454124958898614 0.3225325558327302 0.12203531726967279 0.01594789698159786
0 0.6437483779270927 0.3393594707581959 0.12203531726967282 0.016575766941503284
0 0.6437483779270927 0.3559352376996989 0.12203531726967282 0.016575766941503284
0 0.6446200587647332 0.3727621526251641 0.12203531726967279 0.01594789698159786
0 0.6445408150522205 0.3883333276308193 0.12203531726967282 0.016575766941503284
0 0.6445408150522205 0.4049090945723222 0.12203531726967282 0.016575766941503284
0 0.6446200587647332 0.42048026957797646 0.12203531726967279 0.01594789698159786
0 0.6414503102642223 0.43680488853551774 0.12203531726967279 0.01594789698159786
0 0.6413710665517094 0.4523760635411728 0.12203531726967282 0.016575766941503284
0 0.6389937551763266 0.4683239605227704 0.12203531726967282 0.016575766941503284
0 0.6398654360139667 0.4864066153680465 0.12203531726967279 0.01594789698159786
0 0.6374088809260704 0.5019777903737015 0.12203531726967282 0.016575766941503284
0 0.6429559408019649 0.5185535573152045 0.12203531726967282 0.016575766941503284
0 0.6438276216396054 0.5353804722406701 0.12203531726967279 0.01594789698159786
0 0.6437483779270927 0.5528352571260408 0.12203531726967282 0.016575766941503284
0 0.6437483779270927 0.5700388940274496 0.12203531726967282 0.016575766941503284
0 0.6414096984961185 0.5874936789128201 0.12203531726967279 0.01594789698159786
0 0.6431164080506856 0.6050740377901717 0.12203531726967279 0.01594789698159786
0 0.7711642468234338 0.28473478424642373 0.12203531726967282 0.016575766941503284
0 0.7711642468234338 0.30131055118792693 0.12203531726967282 0.016575766941503284
0 0.7720359276610744 0.3181374661133922 0.12203531726967279 0.01594789698159786
0 0.7703718096983059 0.3349643810388578 0.12203531726967282 0.016575766941503284
0 0.7703718096983059 0.3515401479803609 0.12203531726967282 0.016575766941503284
0 0.7712434905359463 0.368367062905826 0.12203531726967279 0.01594789698159786
0 0.7711642468234338 0.38393823791148113 0.12203531726967282 0.016575766941503284
0 0.7711642468234338 0.4005140048529843 0.12203531726967282 0.016575766941503284
0 0.7712434905359463 0.41608517985863835 0.12203531726967279 0.01594789698159786
0 0.771405937608362 0.43366553873599045 0.12203531726967279 0.01594789698159786
0 0.7704936450026176 0.4511203236213619 0.12203531726967282 0.016575766941503284
0 0.7731146269866245 0.4689518304826755 0.12203531726967282 0.016575766941503284
0 0.7714871611445697 0.4864066153680463 0.12203531726967279 0.01594789698159786
0 0.7690306060566734 0.5019777903737012 0.12203531726967282 0.016575766941503284
0 0.7745776659325678 0.5185535573152041 0.12203531726967282 0.016575766941503284
0 0.7754493467702085 0.5353804722406698 0.12203531726967279 0.01594789698159786
0 0.7753701030576958 0.5528352571260402 0.12203531726967282 0.016575766941503284
0 0.7753701030576958 0.5700388940274493 0.12203531726967282 0.016575766941503284
0 0.773864472519953 0.5881215488727254 0.12203531726967279 0.01594789698159786
0 0.778903377647447 0.6057019077500769 0.12203531726967279 0.01594789698159786
