0 0.24929457436382144 0.216139991126756 0.14386754386110856 0.017266423897399196
0 0.2465455130161569 0.23685969980363514 0.14386754386110856 0.017266423897399196
0 0.24746186679871174 0.25688875152461826 0.14386754386110856 0.017266423897399196
0 0.24562915923360207 0.2776084602014974 0.14386754386110856 0.017266423897399196
0 0.24746186679871174 0.2969468549665846 0.14386754386110856 0.017266423897399196
0 0.24471280545104726 0.3176665636434637 0.14386754386110856 0.017266423897399196
0 0.24196374410338278 0.33838627232034285 0.14386754386110856 0.017266423897399196
0 0.24288009788593762 0.3584153240413259 0.14386754386110856 0.017266423897399196
0 0.24104739032082784 0.3791350327182051 0.14386754386110856 0.017266423897399196
0 0.24288009788593753 0.39847342748329234 0.14386754386110856 0.017266423897399196
0 0.23921468275571825 0.4178118222483795 0.14386754386110856 0.017266423897399196
0 0.2364656214080538 0.4385315309252586 0.14386754386110856 0.017266423897399196
0 0.2373819751906086 0.45856058264624167 0.14386754386110856 0.017266423897399196
0 0.2355492676254989 0.4792802913231208 0.14386754386110856 0.017266423897399196
0 0.23646562140805372 0.5006906569558959 0.14386754386110856 0.017266423897399196
0 0.23554926762549896 0.521410365632775 0.14386754386110856 0.017266423897399196
0 0.23371656006038927 0.5428207312655501 0.14386754386110856 0.017266423897399196
0 0.23371656006038927 0.5635404399424292 0.14386754386110856 0.017266423897399196
0 0.2309674987127247 0.5835694916634125 0.14386754386110856 0.017266423897399196
0 0.2309674987127247 0.6042892003402917 0.14386754386110856 0.017266423897399196
0 0.40690742496325255 0.21959327590623573 0.14386754386110856 0.017266423897399196
0 0.40415836361558793 0.2403129845831148 0.14386754386110856 0.017266423897399196
0 0.4050747173981428 0.26034203630409797 0.14386754386110856 0.017266423897399196
0 0.40324200983303304 0.28106174498097697 0.14386754386110856 0.017266423897399196
0 0.40507471739814266 0.3004001397460642 0.14386754386110856 0.017266423897399196
0 0.40232565605047826 0.3211198484229433 0.14386754386110856 0.017266423897399196
0 0.39957659470281387 0.34183955709982244 0.14386754386110856 0.017266423897399196
0 0.40049294848536865 0.3618686088208055 0.14386754386110856 0.017266423897399196
0 0.398660240920259 0.38258831749768474 0.14386754386110856 0.017266423897399196
0 0.40049294848536865 0.40192671226277177 0.14386754386110856 0.017266423897399196
0 0.39682753335514925 0.4212651070278591 0.14386754386110856 0.017266423897399196
0 0.39407847200748486 0.4419848157047383 0.14386754386110856 0.017266423897399196
0 0.3949948257900397 0.462013867425721 0.14386754386110856 0.017266423897399196
0 0.39316211822492997 0.48273357610260037 0.14386754386110856 0.017266423897399196
0 0.3940784720074847 0.5041439417353754 0.14386754386110856 0.017266423897399196
0 0.39316211822492997 0.5248636504122546 0.14386754386110856 0.017266423897399196
0 0.3913294106598204 0.5462740160450291 0.14386754386110856 0.017266423897399196
0 0.3913294106598204 0.5669937247219082 0.14386754386110856 0.017266423897399196
0 0.3885803493121557 0.5870227764428922 0.14386754386110856 0.017266423897399196
0 0.38858034931215585 0.6077424851197711 0.14386754386110856 0.017266423897399196
0 0.5562730915196903 0.21890261895033972 0.14386754386110856 0.017266423897399196
0 0.5535240301720257 0.23962232762721886 0.14386754386110856 0.017266423897399196
0 0.5544403839545806 0.25965137934820204 0.14386754386110856 0.017266423897399196
0 0.5526076763894707 0.280371088025081 0.14386754386110856 0.017266423897399196
0 0.5544403839545804 0.2997094827901682 0.14386754386110856 0.017266423897399196
0 0.551691322606916 0.3204291914670472 0.14386754386110856 0.017266423897399196
0 0.5489422612592516 0.3411489001439264 0.14386754386110856 0.017266423897399196
0 0.5498586150418063 0.3611779518649094 0.14386754386110856 0.017266423897399196
0 0.5480259074766967 0.3818976605417887 0.14386754386110856 0.017266423897399196
0 0.5498586150418063 0.4012360553068758 0.14386754386110856 0.017266423897399196
0 0.546193199911587 0.4205744500719631 0.14386754386110856 0.017266423897399196
0 0.5434441385639226 0.4412941587488423 0.14386754386110856 0.017266423897399196
0 0.5443604923464773 0.461323210469825 0.14386754386110856 0.017266423897399196
0 0.5425277847813677 0.48204291914670433 0.14386754386110856 0.017266423897399196
0 0.5434441385639224 0.5034532847794793 0.14386754386110856 0.017266423897399196
0 0.5425277847813677 0.5241729934563586 0.14386754386110856 0.017266423897399196
0 0.540695077216258 0.5455833590891332 0.14386754386110856 0.017266423897399196
0 0.540695077216258 0.5663030677660124 0.14386754386110856 0.017266423897399196
0 0.5443604923464772 0.5904760612223721 0.14386754386110856 0.017266423897399196
0 0.5443604923464773 0.611195769899251 0.14386754386110856 0.017266423897399196
0 0.7083878194237926 0.2182119619944438 0.14386754386110856 0.017266423897399196
0 0.7056387580761281 0.2389316706713229 0.14386754386110856 0.017266423897399196
0 0.7065551118586829 0.2589607223923061 0.14386754386110856 0.017266423897399196
0 0.704722404293573 0.27968043106918505 0.14386754386110856 0.017266423897399196
0 0.7065551118586828 0.2990188258342722 0.14386754386110856 0.017266423897399196
0 0.7038060505110184 0.31973853451115125 0.14386754386110856 0.017266423897399196
0 0.701056989163354 0.3404582431880304 0.14386754386110856 0.017266423897399196
0 0.7019733429459086 0.36048729490901343 0.14386754386110856 0.017266423897399196
0 0.7001406353807991 0.38120700358589255 0.14386754386110856 0.017266423897399196
0 0.7038060505110184 0.4039986831304597 0.14386754386110856 0.017266423897399196
0 0.7038060505110184 0.42195576398375495 0.14386754386110856 0.017266423897399196
0 0.7010569891633538 0.4426754726606342 0.14386754386110856 0.017266423897399196
0 0.7019733429459084 0.46270452438161674 0.14386754386110856 0.017266423897399196
0 0.7001406353807988 0.4834242330584963 0.14386754386110856 0.017266423897399196
0 0.7010569891633536 0.5048345986912711 0.14386754386110856 0.017266423897399196
0 0.7001406353807988 0.5255543073681506 0.14386754386110856 0.017266423897399196
0 0.6983079278156892 0.5469646730009251 0.14386754386110856 0.017266423897399196
0 0.6983079278156892 0.567684381677804 0.14386754386110856 0.017266423897399196
0 0.7019733429459083 0.5918573751341641 0.14386754386110856 0.017266423897399196
0 0.7019733429459084 0.612577083811043 0.14386754386110856 0.017266423897399196
0 0.8650843162406687 0.21613999112675586 0.14386754386110856 0.017266423897399196
0 0.862335254893004 0.236859699803635 0.14386754386110856 0.017266423897399196
0 0.864167962458114 0.2603420363040981 0.14386754386110856 0.017266423897399196
0 0.863251608675559 0.280371088025081 0.14386754386110856 0.017266423897399196
0 0.8669170238057784 0.30040013974606417 0.14386754386110856 0.017266423897399196
0 0.863251608675559 0.32111984842294317 0.14386754386110856 0.017266423897399196
0 0.8650843162406687 0.3432208710116143 0.14386754386110856 0.017266423897399196
0 0.8641679624581136 0.3632499227325973 0.14386754386110856 0.017266423897399196
0 0.8614189011104494 0.38327897445358017 0.14386754386110856 0.017266423897399196
0 0.8650843162406684 0.4046893400863556 0.14386754386110856 0.017266423897399196
0 0.867833377588333 0.4260997057191307 0.14386754386110856 0.017266423897399196
0 0.8632516086755588 0.448200728307802 0.14386754386110856 0.017266423897399196
0 0.8641679624581136 0.4682297800287845 0.14386754386110856 0.017266423897399196
0 0.862335254893004 0.488949488705664 0.14386754386110856 0.017266423897399196
0 0.8632516086755585 0.5103598543384389 0.14386754386110856 0.017266423897399196
0 0.862335254893004 0.5310795630153183 0.14386754386110856 0.017266423897399196
0 0.8605025473278942 0.5524899286480929 0.14386754386110856 0.017266423897399196
0 0.8605025473278942 0.5732096373249717 0.14386754386110856 0.017266423897399196
0 0.8641679624581134 0.594620002957748 0.14386754386110856 0.017266423897399196
0 0.867833377588333 0.6167210255464188 0.14386754386110856 0.017266423897399196
