0 0.25607634967190296 0.27168365094348085 0.12798660268741055 0.01655293530659768
0 0.2591056183745636 0.2905197497406437 0.12798660268741055 0.01655293530659768
0 0.2560763496719028 0.30849966222884456 0.12798660268741047 0.014840562688673776
0 0.2545617153205725 0.32619417928072486 0.12798660268741047 0.014840562688673776
0 0.25607634967190274 0.3444594872052464 0.12798660268741047 0.014840562688673776
0 0.25456171532057215 0.3630101905660886 0.12798660268741038 0.015411353561315016
0 0.2575909840232332 0.3812754984906101 0.12798660268741055 0.01655293530659768
0 0.2545617153205724 0.39925541097881095 0.12798660268741047 0.014840562688673776
0 0.2530470809692421 0.41694992803069125 0.12798660268741047 0.014840562688673776
0 0.2545617153205724 0.43521523595521283 0.12798660268741047 0.014840562688673776
0 0.25304708096924233 0.4531951484434137 0.12798660268741055 0.01655293530659768
0 0.25607634967190296 0.47203124724057655 0.12798660268741055 0.01655293530659768
0 0.25304708096924217 0.4900111597287775 0.12798660268741047 0.014840562688673776
0 0.2515324466179118 0.5077056767806576 0.12798660268741047 0.014840562688673776
0 0.2530470809692421 0.5259709847051793 0.12798660268741047 0.014840562688673776
0 0.2515324466179115 0.5445216880660215 0.12798660268741038 0.015411353561315016
0 0.2545617153205726 0.5627869959905429 0.12798660268741055 0.01655293530659768
0 0.2515324466179118 0.5807669084787438 0.12798660268741047 0.014840562688673776
0 0.2500178122665815 0.5984614255306241 0.12798660268741047 0.014840562688673776
0 0.2515324466179118 0.6167267334551455 0.12798660268741047 0.014840562688673776
0 0.39012148976463473 0.27111286007083957 0.12798660268741055 0.01655293530659768
0 0.3931507584672953 0.2899489588680024 0.12798660268741055 0.01655293530659768
0 0.39012148976463445 0.30792887135620334 0.12798660268741047 0.014840562688673776
0 0.38860685541330414 0.3256233884080835 0.12798660268741047 0.014840562688673776
0 0.39012148976463445 0.3438886963326051 0.12798660268741047 0.014840562688673776
0 0.3886068554133038 0.36243939969344724 0.12798660268741038 0.015411353561315016
0 0.3916361241159649 0.38070470761796876 0.12798660268741055 0.01655293530659768
0 0.38860685541330414 0.3986846201061697 0.12798660268741047 0.014840562688673776
0 0.38709222106197383 0.4163791371580501 0.12798660268741047 0.014840562688673776
0 0.38860685541330403 0.4346444450825714 0.12798660268741047 0.014840562688673776
0 0.3870922210619741 0.4526243575707724 0.12798660268741055 0.01655293530659768
0 0.3901214897646346 0.4714604563679352 0.12798660268741055 0.01655293530659768
0 0.38709222106197383 0.4894403688561362 0.12798660268741047 0.014840562688673776
0 0.38557758671064357 0.5071348859080164 0.12798660268741047 0.014840562688673776
0 0.3870922210619737 0.5254001938325379 0.12798660268741047 0.014840562688673776
0 0.3855775867106432 0.5439508971933803 0.12798660268741038 0.015411353561315016
0 0.3886068554133043 0.5622162051179018 0.12798660268741055 0.01655293530659768
0 0.38557758671064357 0.5801961176061025 0.12798660268741047 0.014840562688673776
0 0.3840629523593131 0.5978906346579826 0.12798660268741047 0.014840562688673776
0 0.38557758671064357 0.6161559425825041 0.12798660268741047 0.014840562688673776
0 0.5256812642086967 0.27111286007083957 0.12798660268741055 0.01655293530659768
0 0.5287105329113573 0.2899489588680024 0.12798660268741055 0.01655293530659768
0 0.5256812642086964 0.30792887135620334 0.12798660268741047 0.014840562688673776
0 0.5241666298573661 0.3256233884080835 0.12798660268741047 0.014840562688673776
0 0.5256812642086964 0.3438886963326051 0.12798660268741047 0.014840562688673776
0 0.5241666298573658 0.3624393996934472 0.12798660268741038 0.015411353561315016
0 0.5271958985600269 0.38070470761796876 0.12798660268741055 0.01655293530659768
0 0.5241666298573661 0.3986846201061697 0.12798660268741047 0.014840562688673776
0 0.5226519955060358 0.4163791371580501 0.12798660268741047 0.014840562688673776
0 0.524166629857366 0.4346444450825712 0.12798660268741047 0.014840562688673776
0 0.522651995506036 0.4526243575707724 0.12798660268741055 0.01655293530659768
0 0.5256812642086967 0.4714604563679351 0.12798660268741055 0.01655293530659768
0 0.5226519955060358 0.4894403688561362 0.12798660268741047 0.014840562688673776
0 0.5211373611547055 0.5071348859080164 0.12798660268741047 0.014840562688673776
0 0.5226519955060357 0.5254001938325379 0.12798660268741047 0.014840562688673776
0 0.5211373611547052 0.5439508971933802 0.12798660268741038 0.015411353561315016
0 0.5287105329113571 0.564499368608467 0.12798660268741055 0.01655293530659768
0 0.5256812642086963 0.5824792810966677 0.12798660268741047 0.014840562688673776
0 0.5241666298573658 0.6001737981485477 0.12798660268741047 0.014840562688673776
0 0.5256812642086963 0.6184391060730693 0.12798660268741047 0.014840562688673776
0 0.6635129901797541 0.26940048745291567 0.12798660268741055 0.01655293530659768
0 0.6665422588824147 0.28823658625007853 0.12798660268741055 0.01655293530659768
0 0.663512990179754 0.3062164987382794 0.12798660268741047 0.014840562688673776
0 0.6619983558284236 0.3239110157901597 0.12798660268741047 0.014840562688673776
0 0.663512990179754 0.34217632371468126 0.12798660268741047 0.014840562688673776
0 0.6619983558284233 0.36072702707552323 0.12798660268741038 0.015411353561315016
0 0.665027624531084 0.37899233500004487 0.12798660268741055 0.01655293530659768
0 0.6627556730040886 0.40039699272409346 0.12798660268741047 0.014840562688673776
0 0.6612410386527584 0.4180915097759741 0.12798660268741047 0.014840562688673776
0 0.6627556730040886 0.43635681770049517 0.12798660268741047 0.014840562688673776
0 0.6612410386527584 0.45433673018869625 0.12798660268741055 0.01655293530659768
0 0.664270307355419 0.473172828985859 0.12798660268741055 0.01655293530659768
0 0.6612410386527584 0.4911527414740601 0.12798660268741047 0.014840562688673776
0 0.659726404301428 0.5088472585259403 0.12798660268741047 0.014840562688673776
0 0.6612410386527582 0.5271125664504619 0.12798660268741047 0.014840562688673776
0 0.6597264043014275 0.5456632698113041 0.12798660268741038 0.015411353561315016
0 0.6672995760580795 0.5662117412263907 0.12798660268741055 0.01655293530659768
0 0.6642703073554188 0.5841916537145916 0.12798660268741047 0.014840562688673776
0 0.6627556730040883 0.6018861707664713 0.12798660268741047 0.014840562688673776
0 0.6642703073554188 0.6201514786909933 0.12798660268741047 0.014840562688673776
0 0.8028593505021421 0.2688296965802744 0.12798660268741055 0.01655293530659768
0 0.8058886192048023 0.2876657953774372 0.12798660268741055 0.01655293530659768
0 0.8028593505021417 0.30564570786563816 0.12798660268741047 0.014840562688673776
0 0.8013447161508114 0.3233402249175184 0.12798660268741047 0.014840562688673776
0 0.8028593505021417 0.34160553284204 0.12798660268741047 0.014840562688673776
0 0.8013447161508109 0.3601562362028819 0.12798660268741038 0.015411353561315016
0 0.8043739848534718 0.3784215441274035 0.12798660268741055 0.01655293530659768
0 0.8021020333264761 0.399826201851452 0.12798660268741047 0.014840562688673776
0 0.8005873989751461 0.41752071890333275 0.12798660268741047 0.014840562688673776
0 0.8021020333264761 0.43578602682785395 0.12798660268741047 0.014840562688673776
0 0.8005873989751461 0.45376593931605497 0.12798660268741055 0.01655293530659768
0 0.8036166676778069 0.47260203811321766 0.12798660268741055 0.01655293530659768
0 0.8005873989751461 0.4905819506014186 0.12798660268741047 0.014840562688673776
0 0.8005873989751461 0.5111304220165055 0.12798660268741047 0.014840562688673776
0 0.8021020333264759 0.529395729941027 0.12798660268741047 0.014840562688673776
0 0.8005873989751455 0.5479464333018693 0.12798660268741038 0.015411353561315016
0 0.8013447161508112 0.5684949047169557 0.12798660268741055 0.01655293530659768
0 0.7983154474481503 0.5864748172051566 0.12798660268741047 0.014840562688673776
0 0.7968008130968198 0.6041693342570363 0.12798660268741047 0.014840562688673776
0 0.7983154474481503 0.6224346421815582 0.12798660268741047 0.014840562688673776
