0 0.2693295780793667 0.28715274886164477 0.12868660668929885 0.02100702090219851
0 0.2676634802929034 0.3053609776989022 0.12868660668929885 0.02100702090219851
0 0.266843745299019 0.32168543596287114 0.12865993300400658 0.019751602369532044
0 0.26850984308548237 0.3398936648001286 0.12865993300400658 0.01975160236953201
0 0.26767679419225066 0.35810189363738587 0.12865993300400658 0.01975160236953201
0 0.2718287247590617 0.3756824132083101 0.1286866066892988 0.021007020902198477
0 0.27016262697259835 0.3938906420455676 0.12868660668929885 0.021007020902198477
0 0.26934289197871397 0.41021510030953656 0.12865993300400652 0.01975160236953201
0 0.2710089897651773 0.428423329146794 0.12865993300400652 0.01975160236953201
0 0.2701759408719456 0.44663155798405113 0.12865993300400658 0.01975160236953201
0 0.27349482254552504 0.46358420759507013 0.12868660668929877 0.021007020902198477
0 0.2718287247590617 0.4817924364323274 0.1286866066892988 0.021007020902198477
0 0.2710089897651773 0.4981168946962964 0.12865993300400658 0.01975160236953201
0 0.2726750875516406 0.5163251235335539 0.12865993300400658 0.01975160236953201
0 0.27184203865840895 0.534533352370811 0.1286599330040066 0.01975160236953201
0 0.2743278714387568 0.5552532217412626 0.1286866066892988 0.021007020902198477
0 0.2726617736522934 0.5734614505785198 0.1286866066892988 0.021007020902198477
0 0.27184203865840895 0.5897859088424888 0.1286599330040066 0.01975160236953201
0 0.2735081364448722 0.6079941376797462 0.12865993300400652 0.01975160236953201
0 0.2726750875516405 0.6262023665170035 0.12865993300400658 0.01975160236953201
0 0.4022805744041628 0.2852847375045113 0.12889375119939403 0.021865250866648436
0 0.4008300870530464 0.3035034454553137 0.12889375119939386 0.021865250866648436
0 0.40020362284008376 0.31983276627800417 0.12885220447464732 0.020610061518965283
0 0.40208519843105706 0.338029066523389 0.12885220447464732 0.020610061518965352
0 0.4014677268154631 0.35624217254783674 0.1288522044746474 0.020610061518965352
0 0.40582761198693407 0.3737940723403165 0.12889375119939395 0.02186525086664851
0 0.4043771246358179 0.3920127802911189 0.12889375119939395 0.02186525086664851
0 0.4037506604228552 0.40834210111380953 0.12885220447464732 0.020610061518965352
0 0.4056322360138285 0.4265384013591941 0.12885220447464732 0.020610061518965352
0 0.4050147643982345 0.44475150738364183 0.1288522044746474 0.020610061518965352
0 0.4085342012783236 0.46168116413357624 0.12889375119939395 0.02186525086664851
0 0.4070837139272072 0.4798998720843785 0.12889375119939395 0.02186525086664851
0 0.4064572497142446 0.4962291929070694 0.1288522044746474 0.020610061518965352
0 0.4083388253052179 0.5144254931524539 0.1288522044746474 0.020610061518965352
0 0.407721353689624 0.5326385991769019 0.1288522044746474 0.020610061518965352
0 0.41045237016934843 0.5533409276665894 0.12889375119939386 0.02186525086664851
0 0.409001882818232 0.5715596356173919 0.12889375119939386 0.02186525086664851
0 0.40837541860526927 0.5878889564400821 0.1288522044746474 0.020610061518965352
0 0.4102569941962426 0.6060852566854666 0.12885220447464732 0.020610061518965352
0 0.4096395225806488 0.6242983627099147 0.1288522044746474 0.020610061518965352
0 0.5380675440009243 0.28151751774507866 0.12889375119939395 0.021865250866648436
0 0.536617056649808 0.2997362256958811 0.12889375119939395 0.021865250866648436
0 0.5359905924368453 0.31606554651857155 0.1288522044746474 0.020610061518965318
0 0.5378721680278186 0.33426184676395637 0.12885220447464732 0.020610061518965352
0 0.5372546964122246 0.35247495278840413 0.12885220447464732 0.020610061518965352
0 0.5416145815836956 0.37002685258088375 0.12889375119939395 0.02186525086664851
0 0.5401640942325794 0.3882455605316861 0.12889375119939395 0.02186525086664851
0 0.5395376300196169 0.40457488135437686 0.12885220447464732 0.020610061518965352
0 0.54141920561059 0.4227711815997614 0.12885220447464732 0.020610061518965352
0 0.540801733994996 0.4409842876242092 0.12885220447464732 0.020610061518965352
0 0.544321170875085 0.4579139443741437 0.12889375119939395 0.02186525086664851
0 0.5428706835239688 0.476132652324946 0.12889375119939403 0.02186525086664851
0 0.5422442193110062 0.4924619731476366 0.12885220447464732 0.020610061518965352
0 0.5441257949019795 0.5106582733930211 0.12885220447464732 0.020610061518965352
0 0.5435083232863857 0.5288713794174692 0.1288522044746474 0.020610061518965352
0 0.5462393397661099 0.5495737079071568 0.12889375119939395 0.02186525086664851
0 0.5447888524149938 0.567792415857959 0.12889375119939395 0.02186525086664851
0 0.5441623882020309 0.5841217366806495 0.12885220447464732 0.020610061518965352
0 0.5460439637930041 0.6023180369260339 0.1288522044746474 0.020610061518965352
0 0.5454264921774103 0.620531142950482 0.1288522044746474 0.020610061518965352
0 0.6658459056776033 0.2772080443436628 0.12933753572811335 0.023862706970957746
0 0.6648993858151122 0.2954455757096559 0.12933753572811335 0.023862706970957746
0 0.6647244635304912 0.31178118932818366 0.1292612686876555 0.02260844200510082
0 0.6671086637913224 0.32994399093847354 0.1292612686876555 0.02260844200510082
0 0.6669948239596621 0.34816283986554053 0.12926126868765542 0.022608442005100857
0 0.6718389963936469 0.36564246167612424 0.12933753572811335 0.023862706970957815
0 0.6708924765311559 0.3838799930421171 0.12933753572811318 0.023862706970957815
0 0.6707175542465356 0.40021560666064543 0.12926126868765564 0.022608442005100857
0 0.6731017545073668 0.41837840827093503 0.12926126868765558 0.022608442005100857
0 0.6729879146757063 0.4365972571980019 0.1292612686876555 0.022608442005100857
0 0.6769746194857855 0.4534679694996445 0.12933753572811327 0.023862706970957815
0 0.6760280996232945 0.4717055008656375 0.12933753572811335 0.023862706970957815
0 0.6758531773386737 0.48804111448416576 0.12926126868765558 0.022608442005100857
0 0.6782373775995053 0.5062039160944554 0.12926126868765558 0.022608442005100857
0 0.678123537767845 0.5244227650215224 0.12926126868765558 0.022608442005100857
0 0.681426288105543 0.5450777114492922 0.12933753572811335 0.023862706970957815
0 0.6804797682430517 0.5633152428152852 0.12933753572811335 0.023862706970957815
0 0.681970943744894 0.5821623362734347 0.12926126868765558 0.022608442005100857
0 0.6843551440057257 0.6003251378837244 0.1292612686876555 0.022608442005100857
0 0.6817421574943707 0.6191718567706972 0.1292612686876555 0.022608442005100857
0 0.7999667774879015 0.2740686945441356 0.12933753572811327 0.023862706970957746
0 0.7990202576254102 0.2923062259101287 0.12933753572811327 0.023862706970957746
0 0.7988453353407894 0.3086418395286564 0.12926126868765536 0.02260844200510082
0 0.8012295356016205 0.32680464113894636 0.12926126868765536 0.022608442005100784
0 0.8011156957699602 0.34502349006601335 0.1292612686876555 0.022608442005100857
0 0.8059598682039447 0.36250311187659706 0.12933753572811313 0.023862706970957815
0 0.8050133483414541 0.38074064324258994 0.12933753572811327 0.023862706970957815
0 0.8048384260568335 0.39707625686111825 0.1292612686876555 0.022608442005100857
0 0.8072226263176647 0.4152390584714078 0.1292612686876555 0.022608442005100857
0 0.8071087864860043 0.43345790739847473 0.1292612686876555 0.022608442005100857
0 0.8110954912960834 0.4503286197001173 0.12933753572811327 0.023862706970957815
0 0.8101489714335923 0.4685661510661104 0.12933753572811313 0.023862706970957815
0 0.8099740491489718 0.48490176468463875 0.12926126868765536 0.022608442005100857
0 0.8123582494098034 0.5030645662949281 0.1292612686876555 0.022608442005100857
0 0.8122444095781429 0.5212834152219951 0.12926126868765536 0.022608442005100857
0 0.815547159915841 0.541938361649765 0.12933753572811327 0.023862706970957815
0 0.8146006400533498 0.560175893015758 0.12933753572811313 0.023862706970957815
0 0.816091815555192 0.5809065963536238 0.12926126868765536 0.022608442005100857
0 0.8201421136024869 0.598441528004008 0.1292612686876555 0.022608442005100857
0 0.8216943715572902 0.6185439868107915 0.1292612686876555 0.022608442005100857
