0 0.28723995145052394 0.25356104073711955 0.12579038287798158 0.016324618957541122
0 0.28890604923698726 0.27239713953428235 0.1274564806644449 0.013813139117919444
0 0.2872399514505239 0.2880938885319181 0.1291225784509082 0.013813139117919404
0 0.2876564758971398 0.30661605234912825 0.12662343177121324 0.016952488917446534
0 0.2880730003437556 0.325452151146291 0.12579038287798158 0.014441009077824854
0 0.28890604923698726 0.34209070508378486 0.12579038287798158 0.016324618957541122
0 0.2905721470234505 0.3609268038809478 0.1274564806644449 0.013813139117919444
0 0.28890604923698726 0.3766235528785834 0.1291225784509082 0.013813139117919404
0 0.28932257368360303 0.3951457166957936 0.12662343177121324 0.016952488917446534
0 0.28973909813021886 0.4139818154929564 0.12579038287798158 0.014441009077824854
0 0.28890604923698726 0.4312482393903557 0.12579038287798158 0.016324618957541122
0 0.2905721470234505 0.4500843381875187 0.1274564806644449 0.013813139117919444
0 0.28890604923698726 0.4657810871851542 0.1291225784509082 0.013813139117919404
0 0.2893225736836031 0.4843032510023643 0.12662343177121324 0.016952488917446534
0 0.28973909813021886 0.5031393497995271 0.12579038287798158 0.014441009077824854
0 0.2897390981302189 0.5241729934563587 0.12579038287798158 0.016324618957541122
0 0.2914051959166822 0.5430090922535219 0.1274564806644449 0.013813139117919444
0 0.2897390981302189 0.5587058412511575 0.1291225784509082 0.013813139117919404
0 0.29015562257683475 0.5772280050683676 0.12662343177121324 0.016952488917446534
0 0.2905721470234505 0.5960641038655303 0.12579038287798158 0.014441009077824854
0 0.4238599699405171 0.2523053008173087 0.12579038287798158 0.016324618957541122
0 0.4255260677269802 0.2698856596946607 0.1274564806644449 0.013813139117919444
0 0.42385996994051695 0.28683814861210716 0.1291225784509082 0.013813139117919404
0 0.4251095432803647 0.3059881823892228 0.12662343177121324 0.016952488917446534
0 0.4255260677269802 0.32482428118638557 0.12579038287798158 0.014441009077824854
0 0.4263591166202121 0.3414628351238795 0.12579038287798158 0.016324618957541122
0 0.4280252144066754 0.3590431940012315 0.1274564806644449 0.013813139117919444
0 0.42635911662021214 0.37787929279839433 0.1291225784509082 0.013813139117919404
0 0.42677564106682797 0.39640145661560455 0.12662343177121324 0.016952488917446534
0 0.42719216551344374 0.41523755541276736 0.12579038287798158 0.014441009077824854
0 0.4263591166202121 0.4325039793101665 0.12579038287798158 0.016324618957541122
0 0.42469301883374866 0.4500843381875187 0.1274564806644449 0.013813139117919444
0 0.42302692104728545 0.46703682710496497 0.1291225784509082 0.013813139117919404
0 0.4234434454939012 0.4843032510023644 0.12662343177121324 0.016952488917446534
0 0.423859969940517 0.503139349799527 0.12579038287798158 0.014441009077824854
0 0.423859969940517 0.5216615136167367 0.12579038287798158 0.016324618957541122
0 0.42469301883374855 0.5404976124138998 0.1274564806644449 0.013813139117919444
0 0.42385996994051695 0.5587058412511573 0.1291225784509082 0.013813139117919404
0 0.4242764943871329 0.5772280050683672 0.12662343177121324 0.016952488917446534
0 0.4246930188337486 0.5960641038655301 0.12579038287798158 0.014441009077824854
0 0.5579808417508153 0.24979382097768693 0.12579038287798158 0.016324618957541122
0 0.5596469395372784 0.267374179855039 0.1274564806644449 0.013813139117919444
0 0.5579808417508153 0.2862102786522017 0.1291225784509082 0.013813139117919404
0 0.559230415090663 0.3034767025496011 0.12662343177121324 0.016952488917446534
0 0.5596469395372783 0.3223128013467639 0.12579038287798158 0.014441009077824854
0 0.5604799884305103 0.33895135528425774 0.12579038287798158 0.016324618957541122
0 0.5621460862169736 0.3565317141616098 0.1274564806644449 0.013813139117919444
0 0.5604799884305104 0.37536781295877264 0.1291225784509082 0.013813139117919404
0 0.5608965128771262 0.3938899767759827 0.12662343177121324 0.016952488917446534
0 0.5613130373237419 0.41272607557314567 0.12579038287798158 0.014441009077824854
0 0.5604799884305103 0.4299924994705446 0.12579038287798158 0.016324618957541122
0 0.558813890644047 0.447572858347897 0.1274564806644449 0.013813139117919444
0 0.5571477928575836 0.4645253472653431 0.1291225784509082 0.013813139117919404
0 0.5575643173041995 0.48179177116274247 0.12662343177121324 0.016952488917446534
0 0.5579808417508153 0.5006278699599053 0.12579038287798158 0.014441009077824854
0 0.5579808417508153 0.519150033777115 0.12579038287798158 0.016324618957541122
0 0.5588138906440467 0.537986132574278 0.1274564806644449 0.013813139117919444
0 0.5579808417508153 0.5561943614115356 0.1291225784509082 0.013813139117919404
0 0.5583973661974312 0.5747165252287456 0.12662343177121324 0.016952488917446534
0 0.558813890644047 0.5935526240259085 0.12579038287798158 0.014441009077824854
0 0.6896025668814186 0.2491659510177815 0.12579038287798158 0.016324618957541122
0 0.6912686646678814 0.2667463098951336 0.1274564806644449 0.013813139117919444
0 0.6896025668814185 0.2855824086922963 0.1291225784509082 0.013813139117919404
0 0.6908521402212662 0.30284883258969564 0.12662343177121324 0.016952488917446534
0 0.6912686646678816 0.32168493138685844 0.12579038287798158 0.014441009077824854
0 0.6921017135611133 0.33832348532435225 0.12579038287798158 0.016324618957541122
0 0.6937678113475766 0.3559038442017044 0.1274564806644449 0.013813139117919444
0 0.6921017135611137 0.3747399429988672 0.1291225784509082 0.013813139117919404
0 0.6925182380077292 0.3932621068160772 0.12662343177121324 0.016952488917446534
0 0.692934762454345 0.41209820561324023 0.12579038287798158 0.014441009077824854
0 0.6921017135611133 0.42936462951063925 0.12579038287798158 0.016324618957541122
0 0.6904356157746503 0.44694498838799135 0.1274564806644449 0.013813139117919444
0 0.6962669580272717 0.464525347265343 0.1291225784509082 0.013813139117919404
0 0.6966834824738877 0.48179177116274224 0.12662343177121324 0.016952488917446534
0 0.6971000069205034 0.500627869959905 0.12579038287798158 0.014441009077824854
0 0.6971000069205034 0.5191500337771149 0.12579038287798158 0.016324618957541122
0 0.6979330558137349 0.5379861325742779 0.1274564806644449 0.013813139117919444
0 0.6971000069205034 0.5561943614115356 0.1291225784509082 0.013813139117919404
0 0.6975165313671192 0.5747165252287455 0.12662343177121324 0.016952488917446534
0 0.697933055813735 0.5935526240259084 0.12579038287798158 0.014441009077824854
0 0.8278886831578756 0.24539873125834893 0.12579038287798158 0.016324618957541122
0 0.8295547809443379 0.26486270001541734 0.1274564806644449 0.013813139117919444
0 0.8278886831578751 0.28369879881258003 0.1291225784509082 0.013813139117919404
0 0.8291382564977228 0.3009652227099793 0.12662343177121324 0.016952488917446534
0 0.8295547809443381 0.3198013215071422 0.12579038287798158 0.014441009077824854
0 0.83038782983757 0.33643987544463605 0.12579038287798158 0.016324618957541122
0 0.8320539276240332 0.354020234321988 0.1274564806644449 0.013813139117919444
0 0.83038782983757 0.3728563331191509 0.1291225784509082 0.013813139117919404
0 0.8333035009638807 0.3932621068160772 0.12662343177121324 0.016952488917446534
0 0.8337200254104967 0.41209820561324023 0.12579038287798158 0.014441009077824854
0 0.832886976517265 0.42936462951063914 0.12579038287798158 0.016324618957541122
0 0.8312208787308019 0.44694498838799135 0.1274564806644449 0.013813139117919444
0 0.8345530743037279 0.46389747730543746 0.1291225784509082 0.013813139117919404
0 0.8374687454300391 0.48179177116274224 0.12662343177121324 0.016952488917446534
0 0.837885269876655 0.500627869959905 0.12579038287798158 0.014441009077824854
0 0.837885269876655 0.5191500337771149 0.12579038287798158 0.016324618957541122
0 0.8387183187698863 0.5379861325742779 0.1274564806644449 0.013813139117919444
0 0.8378852698766547 0.5561943614115356 0.1291225784509082 0.013813139117919404
0 0.8383017943232709 0.5747165252287452 0.12662343177121324 0.016952488917446534
0 0.8387183187698866 0.5935526240259084 0.12579038287798158 0.014441009077824854
